5 0.679094 0.390716 0.063596 0.071637
5 0.775219 0.606542 0.071637 0.072003
5 0.607091 0.561038 0.063596 0.059211
4 0.419773 0.578216 0.085161 0.078947
4 0.524123 0.473136 0.069444 0.062500
3 0.381944 0.372990 0.073099 0.064693
2 0.698465 0.583516 0.069444 0.070541
1 0.587719 0.701389 0.071637 0.073099
1 0.536550 0.526864 0.051901 0.047149
1 0.565972 0.356360 0.047149 0.057749
1 0.436952 0.424342 0.062500 0.059211
0 0.522844 0.374269 0.064693 0.076754
0 0.582968 0.616594 0.055556 0.054094
0 0.192251 0.502741 0.075292 0.060307
