0 0.451754 0.367507 0.065789 0.065424
0 0.425439 0.413925 0.045322 0.047880
0 0.733370 0.238304 0.061769 0.064327
0 0.479532 0.637061 0.060673 0.062865
0 0.533626 0.659174 0.045322 0.049342
1 0.818713 0.249086 0.073099 0.075658
2 0.270285 0.610015 0.050073 0.046784
2 0.444993 0.284905 0.056652 0.061769
2 0.531798 0.317617 0.059211 0.064327
3 0.162463 0.225694 0.049342 0.049342
3 0.209064 0.258955 0.064327 0.063231
3 0.201023 0.320175 0.050439 0.046784
3 0.355994 0.383041 0.060673 0.064327
3 0.473867 0.411550 0.061769 0.060673
3 0.506579 0.226791 0.046784 0.051535
3 0.595395 0.587354 0.045322 0.046784
4 0.322003 0.288560 0.055556 0.051535
4 0.332054 0.234466 0.063231 0.066886
4 0.161915 0.517361 0.065789 0.052997
5 0.192069 0.386330 0.060307 0.050439
5 0.361111 0.454313 0.067982 0.065789
5 0.549342 0.402595 0.064327 0.070541
