0 0.560673 0.202668 0.055556 0.063962
0 0.326572 0.600512 0.061038 0.057749
1 0.282346 0.377193 0.062500 0.061404
1 0.462171 0.449744 0.049342 0.050804
1 0.354349 0.704313 0.052997 0.046053
1 0.559028 0.572917 0.068348 0.068348
1 0.825475 0.597588 0.056652 0.051901
0 0.616045 0.716192 0.062500 0.062500
2 0.265168 0.589912 0.047149 0.043860
2 0.238852 0.710161 0.052997 0.046053
2 0.644371 0.585892 0.065058 0.070906
3 0.192800 0.634686 0.069810 0.064693
3 0.409722 0.628838 0.053363 0.055190
3 0.453947 0.694993 0.051901 0.050804
3 0.488670 0.580409 0.050439 0.048246
4 0.189327 0.222222 0.055556 0.048246
4 0.273026 0.648940 0.057749 0.052997
4 0.380848 0.668311 0.061404 0.054459
4 0.795870 0.496345 0.068348 0.061404
4 0.614218 0.664839 0.066155 0.061404
2 0.591923 0.609466 0.066155 0.068348
5 0.533443 0.611294 0.052997 0.052997
