5 0.776499 0.344846 0.050804 0.062500
4 0.494700 0.540936 0.050804 0.051901
4 0.516996 0.604715 0.052997 0.051535
3 0.485197 0.384868 0.052997 0.055556
3 0.808845 0.410088 0.065789 0.049708
3 0.207054 0.592836 0.052997 0.040205
2 0.465826 0.726243 0.077851 0.070906
2 0.934393 0.562317 0.058114 0.049342
2 0.745249 0.428911 0.063596 0.056652
3 0.680373 0.329313 0.044956 0.048246
1 0.961440 0.429642 0.052997 0.052997
1 0.821272 0.592836 0.048246 0.051901
0 0.587902 0.484466 0.062500 0.058845
0 0.664291 0.394371 0.052997 0.057749
0 0.566703 0.550439 0.062500 0.054094
