0 0.215643 0.514620 0.082602 0.067251
5 0.448648 0.288743 0.069810 0.075292
5 0.559942 0.598867 0.051901 0.070541
5 0.299525 0.642909 0.068348 0.048246
5 0.417215 0.545687 0.047149 0.051901
4 0.463999 0.492690 0.064693 0.065789
4 0.528874 0.523940 0.088450 0.066886
4 0.591923 0.388523 0.096857 0.088450
4 0.514072 0.358370 0.051535 0.066155
4 0.620614 0.574561 0.057749 0.057749
4 0.713268 0.614035 0.066155 0.063596
3 0.395651 0.617690 0.074196 0.056287
4 0.436769 0.698465 0.067251 0.048246
2 0.497442 0.588268 0.061404 0.054459
2 0.812317 0.534722 0.061038 0.057749
2 0.387427 0.496162 0.067251 0.056652
2 0.578399 0.693713 0.072003 0.065058
2 0.311769 0.696089 0.076754 0.050804
1 0.325475 0.571820 0.049342 0.047149
1 0.373173 0.546966 0.062135 0.054459
1 0.310673 0.501645 0.074561 0.062500
1 0.656067 0.656067 0.065058 0.069444
