5 0.561250 0.336250 0.062500 0.067500
5 0.590000 0.270000 0.070000 0.065000
5 0.865000 0.492500 0.065000 0.065000
4 0.851250 0.203750 0.062500 0.047500
4 0.690000 0.240000 0.070000 0.060000
3 0.292500 0.488750 0.070000 0.057500
3 0.217500 0.336250 0.085000 0.072500
3 0.442500 0.235000 0.090000 0.085000
2 0.827500 0.266250 0.080000 0.057500
2 0.596250 0.657500 0.057500 0.065000
1 0.395000 0.550000 0.070000 0.050000
1 0.452500 0.336250 0.060000 0.067500
1 0.181250 0.401250 0.097500 0.052500
1 0.577500 0.211250 0.085000 0.052500
0 0.381250 0.383750 0.072500 0.057500
0 0.486250 0.381250 0.057500 0.052500
