5 0.169225 0.371893 0.055556 0.050804
5 0.471491 0.586988 0.061404 0.061404
5 0.711440 0.495066 0.052997 0.049342
5 0.635599 0.239218 0.051901 0.056652
5 0.464547 0.218019 0.044591 0.054459
5 0.542215 0.648940 0.047149 0.048611
2 0.397844 0.267361 0.072003 0.068348
2 0.677266 0.212171 0.046053 0.049342
2 0.838816 0.285636 0.067251 0.062500
2 0.742142 0.425621 0.062500 0.058845
2 0.710892 0.612939 0.061404 0.061404
1 0.519371 0.301718 0.062135 0.070541
1 0.648940 0.634868 0.062500 0.067251
3 0.418494 0.217471 0.049708 0.057749
3 0.669042 0.345943 0.052997 0.055190
3 0.847770 0.460161 0.049342 0.048246
3 0.840643 0.513341 0.054094 0.058114
3 0.641996 0.296966 0.064693 0.066155
4 0.282895 0.502193 0.049708 0.044591
4 0.515351 0.702485 0.051901 0.049708
4 0.529971 0.221491 0.059942 0.070906
4 0.587171 0.216740 0.058845 0.070906
