1 0.216192 0.348684 0.061769 0.054094
1 0.599963 0.309211 0.067617 0.075292
1 0.792398 0.569810 0.067251 0.061404
1 0.729715 0.772661 0.053728 0.051901
1 0.851974 0.345760 0.051901 0.048246
4 0.166118 0.578582 0.065424 0.051901
4 0.418129 0.510234 0.049708 0.046053
4 0.458516 0.442982 0.065424 0.057749
2 0.388341 0.256396 0.055921 0.050073
2 0.483553 0.230446 0.042398 0.044225
2 0.479715 0.510234 0.065424 0.061404
2 0.365314 0.620797 0.044225 0.044225
3 0.444079 0.356360 0.051901 0.054094
3 0.618056 0.232273 0.073099 0.067617
3 0.829861 0.301535 0.069079 0.063596
3 0.613487 0.438962 0.059576 0.061404
3 0.668129 0.449744 0.057749 0.059576
3 0.785453 0.414108 0.073099 0.073099
3 0.501827 0.576754 0.055556 0.051901
5 0.511513 0.266996 0.055921 0.059576
5 0.790387 0.265899 0.059576 0.061769
5 0.689327 0.712171 0.069444 0.065424
