5 0.180921 0.287463 0.067251 0.058845
5 0.430921 0.259868 0.065058 0.067251
5 0.707968 0.522661 0.048246 0.048246
3 0.253472 0.259320 0.068348 0.068348
3 0.706871 0.293494 0.074561 0.080409
3 0.508772 0.610015 0.057749 0.059942
4 0.178728 0.497442 0.078947 0.065789
4 0.465826 0.219664 0.066155 0.076754
4 0.529423 0.226243 0.047149 0.054094
4 0.669042 0.237390 0.060307 0.064693
4 0.654971 0.347770 0.048246 0.049342
2 0.430921 0.351243 0.050439 0.051901
2 0.623721 0.218567 0.044956 0.050439
2 0.851791 0.519371 0.062500 0.057749
1 0.485746 0.680190 0.049708 0.051901
0 0.659539 0.643092 0.062500 0.064693
0 0.853618 0.344846 0.056652 0.052997
0 0.738670 0.216923 0.071637 0.077851
0 0.830592 0.214912 0.076389 0.078947
