4 0.557749 0.341740 0.073099 0.073099
4 0.172149 0.456140 0.073099 0.068713
4 0.201023 0.222770 0.069444 0.070541
4 0.747442 0.205775 0.061404 0.057749
3 0.617142 0.249269 0.060307 0.069444
3 0.520468 0.211623 0.057749 0.069444
1 0.459247 0.207968 0.060307 0.071637
1 0.857822 0.214547 0.055556 0.063596
1 0.252924 0.199744 0.050439 0.050804
2 0.528874 0.628289 0.059942 0.070906
2 0.763341 0.434942 0.074196 0.089912
1 0.457420 0.369518 0.077851 0.067251
0 0.485746 0.444444 0.063596 0.061404
0 0.640351 0.334064 0.063596 0.067251
0 0.442069 0.272113 0.066155 0.056652
0 0.253655 0.255117 0.073099 0.057749
