5 0.551170 0.315241 0.043860 0.043494
5 0.476243 0.645833 0.042398 0.051901
5 0.674342 0.411915 0.040205 0.048246
4 0.725146 0.528692 0.065789 0.074196
4 0.561769 0.586988 0.048246 0.054094
4 0.459795 0.364218 0.061404 0.056652
4 0.448099 0.311221 0.051901 0.044956
3 0.694993 0.361842 0.041301 0.042398
3 0.299525 0.623721 0.039839 0.047149
3 0.670139 0.664291 0.041301 0.055190
2 0.603070 0.199196 0.046053 0.044591
2 0.578947 0.430190 0.054094 0.054094
2 0.616594 0.472588 0.040205 0.044591
2 0.508224 0.387610 0.044956 0.047149
2 0.434576 0.596491 0.048246 0.054094
1 0.389803 0.508041 0.052997 0.049708
1 0.381396 0.563962 0.055190 0.048246
1 0.438048 0.531067 0.045687 0.055556
1 0.559576 0.377193 0.057749 0.051901
1 0.119152 0.505117 0.073099 0.059942
0 0.333699 0.496893 0.059211 0.062500
0 0.185124 0.328216 0.058845 0.046053
0 0.620249 0.648209 0.054094 0.068348
0 0.336075 0.656615 0.044956 0.037646
