0 0.618421 0.437865 0.040936 0.048246
0 0.666118 0.469664 0.061038 0.048246
0 0.570175 0.397113 0.046053 0.047149
0 0.462171 0.380117 0.033260 0.048246
1 0.356177 0.540387 0.056652 0.060307
1 0.527595 0.563414 0.039108 0.039839
1 0.738670 0.589912 0.062135 0.055556
1 0.312500 0.196272 0.065789 0.067251
2 0.695541 0.236842 0.051901 0.068713
2 0.779971 0.320541 0.050439 0.049708
2 0.520651 0.233918 0.052997 0.055556
2 0.417398 0.364766 0.054094 0.059942
2 0.604898 0.590461 0.063596 0.068348
3 0.441520 0.425621 0.050439 0.058845
3 0.752741 0.411915 0.052997 0.048246
3 0.591374 0.331689 0.048246 0.043494
3 0.470395 0.315241 0.049708 0.052997
4 0.583699 0.280336 0.051901 0.051901
4 0.495797 0.494518 0.048611 0.048246
4 0.482822 0.553363 0.050439 0.055556
4 0.501096 0.651316 0.059211 0.055556
4 0.583151 0.702485 0.050804 0.049708
5 0.727887 0.523392 0.062500 0.059211
5 0.570175 0.205592 0.048246 0.045687
3 0.501096 0.397844 0.042398 0.060307
