5 0.396747 0.540936 0.069810 0.073099
5 0.392544 0.608735 0.061404 0.052997
5 0.670322 0.647113 0.057749 0.061038
5 0.669225 0.226974 0.067251 0.067251
5 0.735197 0.317069 0.060307 0.058845
5 0.860746 0.459064 0.075292 0.065058
4 0.572368 0.217836 0.057749 0.073099
4 0.495797 0.586440 0.066886 0.069810
4 0.866594 0.540936 0.068713 0.054094
3 0.491045 0.390716 0.064693 0.067251
3 0.863121 0.379569 0.058845 0.058845
3 0.855994 0.634868 0.082602 0.076754
2 0.716740 0.252741 0.042398 0.052997
1 0.576572 0.533991 0.056652 0.051901
1 0.532346 0.285088 0.050804 0.051901
0 0.653692 0.457420 0.050804 0.058845
0 0.746345 0.217471 0.051901 0.057749
0 0.851791 0.222222 0.060307 0.057749
