5 0.504569 0.476791 0.066155 0.064693
5 0.535270 0.529788 0.075658 0.072003
4 0.363852 0.408443 0.074196 0.064693
4 0.216923 0.382493 0.063962 0.052997
2 0.413925 0.594664 0.075658 0.071637
2 0.540570 0.307018 0.053363 0.050439
2 0.399854 0.343567 0.051901 0.055556
2 0.630117 0.401316 0.078947 0.071637
1 0.686769 0.203765 0.078947 0.080044
1 0.611477 0.512061 0.046053 0.046053
0 0.338999 0.525037 0.060307 0.060307
0 0.498721 0.610015 0.066155 0.076754
0 0.577120 0.654240 0.065058 0.054094
0 0.635051 0.564693 0.093202 0.084795
