0 0.611294 0.232639 0.048611 0.052997
0 0.768823 0.331140 0.058845 0.065789
1 0.510599 0.398940 0.063596 0.069810
1 0.453399 0.588816 0.050804 0.053363
1 0.424342 0.729715 0.063596 0.056652
1 0.842471 0.683114 0.069444 0.062135
1 0.813596 0.516813 0.070906 0.055556
1 0.841740 0.335892 0.073099 0.063596
2 0.851243 0.387792 0.054094 0.051901
2 0.854349 0.466740 0.072003 0.063596
3 0.545322 0.268092 0.055556 0.058114
3 0.762244 0.405519 0.074196 0.068348
3 0.777595 0.690789 0.066886 0.065789
4 0.421418 0.345943 0.069444 0.072003
4 0.371345 0.581689 0.075292 0.069810
4 0.776864 0.243969 0.077851 0.080044
4 0.845395 0.295139 0.051901 0.043494
5 0.672515 0.302997 0.048246 0.051901
