5 0.528874 0.645468 0.055556 0.076754
5 0.399671 0.662646 0.061038 0.051901
4 0.436769 0.565789 0.069444 0.054094
4 0.313048 0.436221 0.081506 0.080044
4 0.608370 0.495614 0.080044 0.078947
3 0.390351 0.607639 0.049708 0.048611
3 0.518092 0.427814 0.050804 0.044956
3 0.573099 0.393640 0.051901 0.054094
2 0.896564 0.533991 0.069444 0.061404
2 0.472222 0.642544 0.081140 0.073099
2 0.440424 0.511696 0.055556 0.051901
1 0.664474 0.598136 0.107456 0.085892
1 0.407346 0.483918 0.062500 0.057749
0 0.466923 0.477522 0.066155 0.068348
