4 0.413743 0.580958 0.067982 0.057383
1 0.493421 0.533260 0.066520 0.068713
4 0.580592 0.465643 0.047149 0.040936
4 0.839547 0.261330 0.066520 0.070906
4 0.391447 0.236659 0.068713 0.064693
4 0.524671 0.216192 0.051535 0.049342
5 0.173063 0.251645 0.058114 0.042763
5 0.291301 0.240863 0.049708 0.047515
5 0.855811 0.384868 0.060307 0.064327
0 0.192434 0.487025 0.049342 0.049342
0 0.746162 0.271016 0.047149 0.051535
0 0.690241 0.235380 0.055921 0.070906
0 0.621345 0.269920 0.047515 0.053728
0 0.548246 0.259137 0.043129 0.049708
2 0.178545 0.355811 0.064693 0.053728
2 0.218385 0.231177 0.053728 0.062500
2 0.478436 0.256944 0.066520 0.070906
1 0.526864 0.344115 0.055921 0.055921
3 0.613852 0.223684 0.049342 0.043129
3 0.796601 0.533260 0.074927 0.077485
3 0.795504 0.399854 0.081506 0.077485
5 0.757858 0.317251 0.049342 0.049708
