0 0.492325 0.249817 0.065058 0.068348
0 0.746893 0.239218 0.050804 0.056652
0 0.277047 0.765716 0.075292 0.076754
1 0.196272 0.232091 0.069444 0.065789
1 0.221126 0.272844 0.050439 0.045687
1 0.380848 0.245797 0.049708 0.052997
1 0.834795 0.243969 0.061404 0.068348
1 0.827668 0.354715 0.056652 0.054459
2 0.568896 0.543311 0.045687 0.047149
2 0.593202 0.248173 0.063596 0.069444
3 0.592471 0.437865 0.050439 0.055556
4 0.230446 0.354715 0.052997 0.056652
4 0.176901 0.474963 0.059211 0.044956
4 0.476243 0.459795 0.054094 0.054094
4 0.867142 0.393640 0.055190 0.054094
4 0.621345 0.705044 0.059211 0.063596
5 0.198099 0.316338 0.077485 0.072003
5 0.758772 0.308297 0.048246 0.050804
5 0.724963 0.272295 0.056652 0.049708
5 0.813414 0.304094 0.058845 0.061404
1 0.510599 0.302266 0.070906 0.076754
