5 0.578947 0.438048 0.059211 0.062500
5 0.479349 0.366045 0.052997 0.052997
4 0.291301 0.495066 0.051901 0.044956
4 0.550621 0.236294 0.051535 0.055190
4 0.680373 0.438962 0.068348 0.069444
4 0.692069 0.521016 0.066155 0.066155
4 0.802266 0.568165 0.057749 0.058845
3 0.322368 0.276316 0.067251 0.069444
3 0.481725 0.527412 0.069444 0.065058
3 0.689145 0.301170 0.064693 0.065058
2 0.474598 0.218019 0.048611 0.058845
2 0.403692 0.509137 0.062500 0.061404
2 0.530519 0.493421 0.049342 0.048246
2 0.574196 0.567434 0.056287 0.052997
2 0.693348 0.658260 0.051901 0.048246
1 0.287098 0.328765 0.074196 0.068348
1 0.424890 0.232091 0.062500 0.075292
1 0.888341 0.602887 0.060307 0.055190
0 0.280519 0.390168 0.066155 0.058845
0 0.373904 0.228618 0.063596 0.070541
0 0.495797 0.263341 0.050804 0.050804
0 0.650219 0.221491 0.050439 0.054094
