5 0.541849 0.209795 0.052997 0.054094
5 0.380117 0.303363 0.048246 0.048246
5 0.450292 0.649488 0.092105 0.070906
5 0.379751 0.419591 0.051901 0.044591
5 0.488670 0.412646 0.046053 0.042398
4 0.617690 0.542763 0.061404 0.067251
4 0.637792 0.432018 0.094298 0.078947
4 0.439693 0.294042 0.063596 0.069810
4 0.222222 0.368969 0.071637 0.068348
4 0.350146 0.535819 0.054094 0.048246
3 0.544773 0.569262 0.068348 0.049342
3 0.472770 0.486842 0.058845 0.049708
2 0.337902 0.359466 0.050804 0.054459
2 0.389072 0.375365 0.058845 0.048246
2 0.297697 0.492142 0.062500 0.055190
0 0.677266 0.523940 0.067251 0.064693
2 0.520651 0.449561 0.074196 0.069444
0 0.397295 0.514620 0.065789 0.048246
0 0.427997 0.426718 0.059211 0.068348
0 0.471491 0.220395 0.061404 0.061404
0 0.376096 0.574561 0.056287 0.057749
