5 0.309028 0.331506 0.052997 0.055556
5 0.426901 0.405702 0.054094 0.046053
5 0.538194 0.360015 0.066886 0.067251
5 0.501462 0.298246 0.057749 0.063596
5 0.604715 0.425987 0.059576 0.067617
5 0.423246 0.449196 0.075292 0.069444
5 0.424159 0.522113 0.051535 0.052266
5 0.511148 0.528692 0.060307 0.060307
0 0.451937 0.366594 0.069079 0.075292
0 0.356177 0.607091 0.052997 0.063596
0 0.534905 0.638341 0.075658 0.072003
2 0.294408 0.613487 0.070541 0.052997
4 0.461806 0.495797 0.061038 0.070541
1 0.567800 0.509686 0.062500 0.072003
3 0.633589 0.539291 0.062500 0.064693
