5 0.472770 0.567434 0.049342 0.062500
5 0.307749 0.710161 0.051901 0.048246
5 0.245797 0.366045 0.052997 0.050804
5 0.777595 0.347770 0.062500 0.058845
5 0.279971 0.416118 0.046053 0.049342
4 0.531250 0.563414 0.052997 0.056652
4 0.521199 0.620614 0.044591 0.050439
4 0.399854 0.356542 0.051901 0.048611
3 0.365497 0.236294 0.065789 0.062500
3 0.679094 0.322368 0.044591 0.048246
3 0.492873 0.320724 0.066155 0.077851
3 0.810490 0.407712 0.064693 0.058845
3 0.212902 0.591192 0.052997 0.062500
2 0.550621 0.373721 0.061038 0.056652
2 0.934393 0.561221 0.050804 0.056652
2 0.747624 0.424890 0.056652 0.062500
1 0.494152 0.752741 0.061404 0.064693
1 0.824013 0.588816 0.047149 0.046053
1 0.960344 0.424890 0.052997 0.048611
1 0.605994 0.361842 0.054094 0.059211
0 0.665570 0.386696 0.050439 0.054094
0 0.588999 0.485015 0.062500 0.050439
0 0.581140 0.539108 0.063596 0.057749
0 0.346126 0.440241 0.065058 0.058114
