5 0.233370 0.409539 0.068348 0.069810
5 0.393823 0.416118 0.049342 0.058845
5 0.490497 0.414839 0.049708 0.044591
5 0.589547 0.605811 0.065789 0.070541
5 0.421418 0.737390 0.046053 0.050804
5 0.340095 0.595943 0.052997 0.050804
5 0.387244 0.536367 0.050804 0.049342
5 0.422697 0.209064 0.041301 0.048246
4 0.284722 0.517909 0.043860 0.057749
4 0.459795 0.622442 0.040205 0.049708
4 0.336623 0.405519 0.055556 0.056652
3 0.464547 0.357091 0.054094 0.061404
3 0.487573 0.567434 0.055556 0.052997
3 0.906067 0.451937 0.065058 0.074196
3 0.552449 0.462719 0.052997 0.048246
2 0.678545 0.308297 0.050804 0.062500
2 0.520468 0.609466 0.046053 0.039839
0 0.118969 0.526316 0.047149 0.050439
0 0.034722 0.236842 0.055556 0.051901
0 0.437317 0.404240 0.037646 0.051901
0 0.287098 0.420870 0.043494 0.049342
0 0.418494 0.592471 0.049708 0.046053
1 0.526499 0.525585 0.064693 0.051901
1 0.528326 0.371893 0.066155 0.048611
1 0.331871 0.536915 0.046053 0.048246
